rotation_matrix:
  rows: 3
  cols: 3
  # represently one side to test
  # data: [0, -0.5, -0.866, 1, 0, 0, 0, -0.866, 0.5]
  # normal to look the forks
  data: [0.707, 0, -0.707, 0, 1, 0, 0.707, 0 , 0.707]
  # right-angle 
  data: [0 , -0.707, -0.707, 1, 0 , 0, 0, -0.707 , 0.707]

translation_vector:
  # represently one side to test
  # data: [-0.41, -1.35, 1.99]
  data: [0.346, -1.113, 1.995]
  