rotation_matrix:
  rows: 3
  cols: 3
  # represently one side to test
  # data: [1,0,0, 0,0.707,-0.707, 0,0.707,0.707]
  # normal to look the forks
  data: [1,0,0, 0,0.707,0.707, 0,-0.707,0.707]
  # right-angle 
  # data: [0 , -0.707, -0.707, 1, 0 , 0, 0, -0.707 , 0.707]

translation_vector:
  # represently one side to test
  # data: [-0.41, -1.35, 1.99]
  # data: [0.346, -1.113, 1.995]
  # 获取相机相对车体位置
  data: [-0.0234415, -0.572416, 0.81896]